0.41918253352224544 0.26502703213899703 0.6693360575806869 0.17467943759777538 0.3333227064407196 0.4456407571464961
0.8448478465044279 0.13435349286541443 0.9287191035936655 0.14173813628694976 0.7113423853332846 0.9300744462452724
0.7535358764626087 0.36814028212321803 0.8335676861737891 0.028444284371489048 0.06378162522030628 0.9993912226798591
0.2983775144617824 0.6390499602428215 0.5121750865967225 0.9102147243459047 0.004130308972184471 0.04907280040137574
0.5151397779095757 0.2209919270157623 0.3773935888973331 0.553358519583838 0.5256209743662532 0.021602893514575894
0.903654322647565 0.04323882051448136 0.2930296998068076 0.8429590594546426 0.864420702193492 0.9569747690038598
0.07427449542908304 0.0659057566834852 0.36465044968792926 0.7834495240055113 0.24462079605664167 0.9693060703790637
0.8939088621169848 0.08124940616466991 0.25435076790627764 0.09213120538205166 0.09289695705195133 0.7063502174740877
0.5320911316559717 0.028041998772447063 0.599732840142648 0.07420770844862024 0.9826711147591535 0.6137843810407524
0.29541514261981994 0.47574393586928765 0.4883320995133651 0.520450382312919 0.9247619547184011 0.558747650905918
