0.763104628057672 0.8377160652735918 0.8513019402280178 0.9123585227696165 0.4481681308588009 0.5982249853645559
0.19817860971211676 0.53725221421351 0.26093784911288354 0.3244533436781908 0.1439918594907188 0.3024487875373958
0.25396301930256315 0.027000801899303317 0.3585077148026633 0.47260237404623273 0.9793354709026868 0.5838658977777783
0.23533749606637933 0.49431224471215074 0.017819815315252452 0.78779958041884 0.9354206226161268 0.6476278607509749
0.17964232043147288 0.3387666692451754 0.12736492493137852 0.12213961002427098 0.2372822400837763 0.1886183359686744
0.07069298807841318 0.2938284146990432 0.7330911350505327 0.486429869254954 0.40514411287635765 0.1815344585588189
0.1384082900157909 0.002927967558442379 0.17326401686662396 0.44172741447457875 0.8122124811078606 0.7703457864281187
0.7759915330763716 0.985798377512695 0.10427071520807762 0.5034154421989058 0.789812781818153 0.3761954305624271
0.7186803446742486 0.22064728131468347 0.44928494467100166 0.9338660536738846 0.047811145082879536 0.5242529834929468
0.5582416544283104 0.29649787440236564 0.418186520656883 0.3056981671555391 0.49005481049330957 0.7210165708991532
